太阳宫剧场，118.819399,32.071549
白马公园，118.819399,32.071549
琵琶湖景区，118.82946,32.06139
人文书院，118.836215,32.056616
蕉雀亭，118.839234,32.05123
梁武帝像，118.848863,32.050985
博爱圆，118.854038,32.048414
国际会议大酒店，118.850445,32.056127
明东陵遗址，118.847282,32.060778
音悦台，118.861799,32.060901
无梁殿，118.873297,32.060656
灵谷景区，118.874303,32.063838


l=[118.819399 118.823082 118.82946 118.836215 118.839234 118.848863 118.854038 118.850445 118.847282 118.861799 118.873297 118.874303];
b=[32.071549 32.067334 32.06139 32.056616 32.05123 32.050985 32.048414 32.056127 32.060778 32.060901 32.060656 32.063838];

