综合展馆，115.627486,34.434728
文化农贸市场，115.633073,34.432443
商丘师范学院（老区），115.636379,34.432085
商丘师范学院，115.636092,34.42756
商丘经济贸易学校，115.642272,34.423034
商丘诚信大厦，115.652477,34.43018
外贸综合楼，115.647878,34.434467
德信商务大厦，115.653052,34.438755
长城大厦，115.652908,34.438636
天伦a座写字楼，115.661963,34.441881
商丘站，115.663257,34.450097


l=[115.627486 115.633073 115.636379 115.636092 115.642272 115.652477 115.647878 115.653052 115.652908 115.661963 115.663257];
b=[34.434728 34.432443 34.432085 34.42756 34.423034 34.43018 34.434467 34.438755 34.438636 34.441881 34.450097];
