三茅峰，120.25252,31.59605
龙山，120.250364,31.593589
惠山国家森林公园，120.255394,31.590883
太湖欢乐园，120.242602,31.589406
无锡太湖学院北区，120.237141,31.586084
无锡太湖学院，120.233979,31.581532
莲花山，120.250076,31.579317
太湖花圆，120.23096,31.57341
江苏省税务学校，120.242028,31.567749
梅园风景区，120.230385,31.562703
恒大发展大厦，120.223055,31.556303


l=[120.25252 120.250364 120.255394 120.242602 120.237141 120.233979 120.250076 120.23096 120.242028 120.230385 120.223055];
b=[31.59605 31.593589 31.590883 31.589406 31.586084 31.581532 31.579317 31.57341 31.567749 31.562703 31.556303];

