龙门头大厦，108.937751,34.298649
省城市经济学校，108.930996,34.301393
诚意大厦，108.929702,34.306999
聚贤庄，108.948243,34.311054
居然之家，108.935451,34.31666
利君V时代，108.953849,34.319642
地税大厦，108.944794,34.319284
中登大厦，108.95313,34.330136
永丰小学，108.947956,34.332759
陕西省西安中学，108.94695,34.336455
西安市政府，108.946087,34.34802
西安城市运动公园，108.949249,34.350404
智慧国际中心，108.9458,34.358749


l=[108.937751 108.930996 108.929702 108.948243 108.935451 108.953849 108.944794 108.95313 108.947956 108.94695 108.946087 108.949249 108.9458];
b=[34.298649 34.301393 34.306999 34.311054 34.31666 34.319642 34.319284 34.330136 34.332759 34.336455 34.34802 34.350404 34.358749];

